ABAIARA
-7.35889
-39.04556
4014128.36
ACARAPE
-4.22417
-38.70833
5243289.99
ACARAU
-2.8856
-40.12
17634952.45
ACOPIARA
-6.09528
-39.4525
14371388.37
AIUABA
-6.57361
-40.12361
6637021.96
ALCANTARAS
-3.58889
-40.54556
4461983.6
ALTANEIRA
-7.00167
-39.74056
3219647.25
ALTO SANTO
-5.52083
-38.27167
5852541.75
AMONTADA
-3.49444
-39.57861
14417265.65
ANTONINA DO NORTE
-6.775
-39.98917
2994871.54
APUIARES
-3.94889
-39.43167
5489568.39
AQUIRAZ
-3.90139
-38.39111
19559162.36
ARACATI
-4.56167
-37.76972
18632683.81
ARACOIBA
-4.37111
-38.81417
9964789.81
ARARENDA
-4.75278
-40.83278
4300859.14
ARARIPE
-7.2125
-40.04611
8725492.22
ARATUBA
-4.41833
-39.045
5444172.92
ARNEIROZ
-6.32361
-40.16056
3517358.19
ASSARE
-6.87444
-39.875
8307857.61
AURORA
-6.9425
-38.9675
9140017.85
BAIXIO
-6.73
-38.71694
2786252.97
BANABUIU
-5.30972
-38.92056
6543531.08
BARBALHA
-7.31111
-39.30417
27028394.68
BARREIRA
-4.28694
-38.64306
7437771.89
BARRO
-7.17667
-38.78167
6650466.22
BARROQUILHA
-3.01889
-41.13611
5575243.17
BATURITE
-4.32861
-38.88472
10243095.11
BEBERIBE
-4.17972
-38.13056
16377862.49
BELA CRUZ
-3.05056
-40.16778
10710910.29
BOA VIAGEM
-5.1275
-39.73222
14765508.27
BREJO SANTO
-7.49333
-38.98722
18241431.78
CAMOCIM
-2.90222
-40.84111
18003016.78
CAMPOS SALES
-7.07444
-40.37611
8308416.63
CANINDE
-4.35889
-39.31167
22910337.31
CAPISTRANO
-4.47
-38.90139
7157303.08
CARIDADE
-4.23222
-39.1925
6678340.35
CARIRE
-3.95056
-40.47333
8255503.36
CARIRIACU
-7.04222
-39.28361
9898614.81
CARIUS
-6.53722
-39.49667
5919154.29
CARNAUBAL
-4.16667
-40.94278
6496867.99
CASCAVEL
-4.13306
-38.24194
20158575.17
CATARINA
-6.13083
-39.8775
5935281.18
CATUNDA
-4.64778
-40.20139
4579128.56
CAUCAIA
-3.73611
-38.65306
70246070.98
CEDRO
-6.60667
-39.06222
8236539.35
CHAVAL
-3.03361
-41.24389
4910045.52
CHORO
-4.84333
-39.14111
4635131
CHOROZINHO
-4.30028
-38.49778
8792070.44
COREAU
-3.53333
-40.65667
9155865.43
CRATEUS
-5.17833
-40.6775
21136538.22
CRATO
-7.23417
-39.40944
32127261.92
CROATA
-4.4
-40.91056
7634562.68
CRUZ
-2.91778
-40.17167
8907755.26
DEPUTADO IRAPUAN PINHEIRO
-5.91694
-39.26778
3835565.76
ERERE
-6.03194
-38.34861
3028601.71
EUSEBIO
-3.89
-38.45056
21281614.26
FARIAS BRITO
-6.93056
-39.56556
8530177.27
FORQUILHA
-3.79833
-40.26056
8128600.68
FORTALEZA
-3.71722
-38.54306
482605324.53
FORTIM
-4.45194
-37.79722
5334774.34
FRECHEIRINHA
-3.76
-40.81639
5217221.71
GENERAL SAMPAIO
-4.05278
-39.45444
3478586.44
GRACA
-4.04611
-40.75278
6099763.9
GRANJA
-3.12028
-40.82611
17655166.73
GRANJEIRO
-6.88833
-39.21778
3052683.98
GROAIRAS
-3.91333
-40.38333
4570564.64
GUAIUBA
-4.03972
-38.63722
8785760.98
GUARACIABA DO NORTE
-4.16694
-40.7475
11581497.69
GUARAMIRANGA
-4.26333
-38.93306
2732545.049
HIDROLANDIA
-4.40806
-40.43778
6344958.95
HORIZONTE
-4.83
-38.65139
20601689.27
IBARETAMA
-4.80417
-38.75333
4587263.84
IBIAPINA
-3.92333
-40.88944
8507715.84
IBICUITINGA
-4.97389
-38.63889
5010503.72
ICAPUI
-4.71306
-37.35528
13325842.5
ICO
-6.40111
-38.86222
18442951.65
IGUATU
-6.35944
-39.29861
24325568.13
INDEPENDENCIA
-5.39639
-40.30861
8742396.40
IPAPORANGA
-4.9
-40.75889
4784564.27
IPAUMIRIM
-6.78972
-38.71917
4039655.16
IPU
-4.32222
-40.71083
12425014.87
IPUEIRAS
-4.54167
-40.71889
14445665.80
IRACEMA
-5.81194
-38.30583
7044394.54
IRAUCUBA
-3.74611
-39.78333
8765220.95
ITAICABA
-4.67444
-37.8225
2759618.80
ITAITINGA
-3.96944
-38.52806
11934179.29
ITAPAJE
-3.68667
-39.58611
16058472.18
ITAPIPOCA
-3.36167
-39.83167
37295558.90
ITAPIUNA
-4.56444
-38.92222
7027570.24
ITAREMA
-2.92028
-39.915
15014251.12
ITATIRA
-4.52889
-39.62222
10151155.66
JAGUARETAMA
-5.61278
-38.76694
6510250.08
JAGUARIBARA
-5.65806
-38.62
4413804.15
JAGUARIBE
-5.89056
-38.62194
12042876.09
JAGUARUANA
-4.83389
-37.78111
9560831.03
JARDIM
-7.5825
-39.29806
9534625.80
JATI
-7.68611
-39.01583
3313325.69
JIJOCA DE JERICOACOARA
-2.895
-40.44917
8421009.6
JUAZEIRO DO NORTE
-7.21306
-39.31528
54102315.24
JUCAS
-6.52528
-39.5275
8385954.35
LAVRAS DA MANGABEIRA
-6.75333
-38.96444
9543449.25
LIMOEIRO DO NORTE
-5.14556
-38.09806
16243653.20
MADALENA
-4.722
-39.57667
6569372.7
MARACANAU
-3.87667
-38.62556
63612829.31
MARANGUAPE
-3.89083
-38.56
26747924.49
MARCO
-3.12389
-40.14667
9296442.81
MARTINOPOLE
-3.22556
-40.69667
4312588.53
MASSAPE
-3.52278
-40.34278
11530271.00
MAURITI
-7.38917
-38.77444
13573571.64
MERUOCA
-3.54167
-40.455
5597735.41
MILAGRES
-7.31333
-38.94556
10070653.79
MILHA
-5.675
-39.19389
6809059.70
MIRAIMA
-3.56944
-39.97
5863619.07
MISSAO VELHA
-7.24972
-39.14306
10703924.01
MOMBACA
-5.74306
-39.6275
12499259.86
MONSENHOR TABOSA
-4.78944
-40.06333
7237906.78
MORADA NOVA
-5.10667
-38.3725
17219205.07
MORAUJO
-3.46667
-40.68056
3403998.47
MORRINHOS
-3.22944
-40.125
7414184.94
MUCAMBO
-3.90944
-40.74667
5828062.91
MULUNGU
-4.30556
-38.99639
3993216.82
NOVA OLINDA
-7.09167
-39.68056
5781868.99
NOVA RUSSAS
-4.70667
-40.56306
9371474.89
NOVO ORIENTE
-5.53444
-40.77417
9218987.44
OCARA
-4.49083
-38.59667
8622383.07
OROS
-6.24444
-38.91361
7114039.27
PACAJUS
-4.1725
-38.46056
16574976.49
PACATUBA
-3.98417
-38.62028
17137709.79
PACOTI
-4.225
-38.92333
4478938.98
PACUJA
-3.98806
-40.6975
2846452.78
PALHANO
-4.74528
-37.95889
3117394.89
PALMACIA
-4.15028
-38.84639
3884796.35
PARACURU
-3.41
-39.03056
10977479.12
PARAIPABA
-3.43944
-39.14833
10511732.27
PARAMBU
-6.21111
-40.69444
11325818.17
PARAMOTI
-4.09694
-39.23944
4656781.27
PEDRA BRANCA
-5.45417
-39.71722
13818753.56
PENAFORTE
-7.82889
-39.07722
3468615.67
PENTECOSTE
-3.79278
-39.27028
11862140.29
PEREIRO
-6.04167
-38.45972
6307931.02
PINDORETAMA
-4.02694
-38.305
7043166.42
PIQUET CARNEIRO
-5.80361
-39.41778
5810698.61
PIRES FERREIRA
-4.24667
-40.64528
4406912.27
PORANGA
-4.74472
-40.92611
4861670.27
PORTEIRAS
-7.53472
-39.11833
7220266.41
POTENGI
-7.09056
-40.02667
4519273.50
POTIRETAMA
-5.72389
-38.15611
2748128.52
QUITERIANOPOLIS
-5.84306
-40.70083
8377042.35
QUIXADA
-4.97139
-39.01528
23533969.1
QUIXELO
-6.25444
-39.20194
6630683.35
QUIXERAMOBIM
-5.19917
-39.29278
27959942.89
QUIXERE
-5.07417
-37.98861
8383098.51
REDENCAO
-4.22583
-38.73056
9956811.59
RERIUTABA
-4.14167
-40.58222
7083885.59
RUSSAS
-4.94028
-37.97583
21277824.86
SABOEIRO
-6.54194
-39.90667
5787293.99
SALITRE
-7.28472
-40.45722
7183385.29
SANTA QUITERIA
-4.33194
-40.15667
12278894.99
SANTANA DO ACARAU
-3.46056
-40.21222
10780755.07
SANTANA DO CARIRI
-7.18833
-39.73694
6485695.24
SAO BENEDITO
-4.04861
-40.865
13799709.40
SAO GONCALO DO AMARANTE
-3.60722
-38.96833
17765495.5
SAO JOAO DO JAGUARIBE
-5.27111
-38.27361
3413711.90
SAO LUIS DO CURU
-3.67
-39.24333
4970865.89
SENADOR POMPEU
-5.58806
-39.37167
8040702.36
SENADOR SA
-3.35056
-40.46333
2809946.44
SOBRAL
-3.68611
-40.34972
76329144.33
SOLONOPOLE
-5.73333
-39.0075
8279632.21
TABULEIRO DO NORTE
-5.24667
-38.13056
8456394.78
TAMBORIL
-4.83222
-40.32056
9730567.52
TARRAFAS
-6.68444
-39.76139
3677007.099
TAUA
-6.00306
-40.29278
22552588.52
TEJUCUOCA
-3.98889
-39.58056
6848215.22
TIANGUA
-3.73222
-40.99167
22517755.36
TRAIRI
-3.27778
-39.26889
14543999.65
TURURU
-3.58083
-39.43722
6137011.12
UBAJARA
-3.444
-40.92111
11005977.45
UMARI
-6.64778
-38.7
2857331.17
UMIRIM
-3.67722
-39.35028
6498853.04
URUBURETAMA
-3.625
-39.50833
7150894.03
URUOCA
-3.31389
-40.55667
5677243.31
VARJOTA
-4.19444
-40.47667
6954456.71
VARZEA ALEGRE
-6.78889
-39.29583
11314369.44
VICOSA DO CEARA
-3.56222
-41.09222
18571005.11